0 0.778140 0.925775 0.132137 0.148450
0 0.649266 0.703100 0.119086 0.182708
4 0.495922 0.659869 0.145188 0.373573
1 0.327080 0.609299 0.166395 0.425775
0 0.376835 0.434747 0.066884 0.119086
0 0.328711 0.317292 0.068515 0.102773
0 0.208809 0.286297 0.053834 0.109299
0 0.221044 0.184339 0.052202 0.084829
0 0.383361 0.207178 0.070147 0.163132
0 0.326264 0.155791 0.053834 0.083197
2 0.325449 0.231648 0.022838 0.068515
2 0.298532 0.189233 0.021207 0.084829
2 0.186786 0.050571 0.019576 0.068515
2 0.255302 0.026101 0.016313 0.052202
0 0.199837 0.028548 0.039152 0.057096