1 0.149266 0.082382 0.084829 0.164763
0 0.220228 0.089723 0.057096 0.088091
2 0.263458 0.076672 0.026101 0.084829
0 0.262643 0.040783 0.057096 0.081566
2 0.315661 0.101142 0.022838 0.088091
2 0.309135 0.270799 0.029364 0.110930
2 0.252039 0.235726 0.029364 0.115824
0 0.279772 0.185971 0.065253 0.097879
0 0.394780 0.249592 0.063622 0.097879
2 0.355628 0.399674 0.050571 0.123980
3 0.693312 0.448613 0.086460 0.117455
0 0.543230 0.516313 0.099511 0.151713
0 0.573409 0.658238 0.123980 0.216966
0 0.733279 0.892333 0.133768 0.202284