2 0.544046 0.609299 0.039152 0.148450
0 0.513051 0.707993 0.091354 0.156607
0 0.646819 0.699837 0.114192 0.192496
1 0.329527 0.389070 0.151713 0.324633
0 0.504078 0.467374 0.086460 0.125612
0 0.455954 0.368679 0.065253 0.104405
2 0.436378 0.207178 0.029364 0.107667
3 0.487765 0.306688 0.021207 0.123980
0 0.232463 0.319739 0.058728 0.104405
0 0.268352 0.190049 0.061990 0.109299
0 0.322186 0.144372 0.055465 0.096248
0 0.154976 0.107667 0.053834 0.071778
0 0.142741 0.076672 0.048940 0.061990
0 0.148450 0.051387 0.037520 0.047308
0 0.145188 0.030995 0.037520 0.052202
0 0.278140 0.070147 0.048940 0.075041