0 0.517129 0.771615 0.102773 0.185971
2 0.623980 0.765905 0.039152 0.151713
2 0.323817 0.810767 0.039152 0.172920
4 0.681892 0.890701 0.197390 0.218597
0 0.793638 0.924959 0.130506 0.150082
0 0.433116 0.601142 0.101142 0.161501
0 0.548940 0.501631 0.117455 0.252855
0 0.464111 0.398858 0.068515 0.112561
0 0.245514 0.411093 0.068515 0.133768
0 0.054241 0.486134 0.108482 0.127243
2 0.254486 0.313214 0.030995 0.107667
2 0.366232 0.250408 0.032626 0.102773
0 0.284666 0.222675 0.055465 0.109299
0 0.225122 0.097064 0.053834 0.083197
2 0.154976 0.034258 0.021207 0.068515
0 0.204731 0.036705 0.042414 0.073409
0 0.249592 0.018760 0.050571 0.037520