0 0.179445 0.181077 0.047308 0.084829
0 0.150082 0.101958 0.050571 0.070147
0 0.141925 0.073409 0.040783 0.061990
0 0.148450 0.046493 0.034258 0.047308
1 0.255302 0.195759 0.114192 0.241436
0 0.211256 0.072594 0.048940 0.057096
0 0.207993 0.048124 0.042414 0.050571
2 0.276509 0.046493 0.032626 0.073409
2 0.343393 0.064437 0.022838 0.092985
0 0.385808 0.240620 0.071778 0.096248
2 0.396411 0.141925 0.024470 0.088091
0 0.441272 0.320555 0.078303 0.135400
0 0.362153 0.362969 0.066884 0.122349
0 0.426591 0.513051 0.091354 0.141925
2 0.367047 0.551387 0.027732 0.143556
0 0.355628 0.666395 0.089723 0.168026
0 0.581566 0.593801 0.094617 0.143556
0 0.504894 0.454323 0.075041 0.128874
2 0.346656 0.453507 0.035889 0.123980