1 0.561990 0.817292 0.274062 0.365416
0 0.747961 0.884992 0.101142 0.197390
3 0.650897 0.567700 0.040783 0.143556
3 0.588907 0.482871 0.027732 0.159869
0 0.499184 0.458401 0.089723 0.143556
0 0.380914 0.464111 0.088091 0.135400
0 0.372757 0.234910 0.068515 0.091354
2 0.287928 0.225938 0.026101 0.092985
2 0.238989 0.191680 0.026101 0.099511
2 0.206362 0.141925 0.026101 0.091354
2 0.284666 0.150897 0.029364 0.086460
0 0.233279 0.107667 0.044046 0.094617
0 0.153344 0.101958 0.057096 0.066884
0 0.144372 0.081566 0.039152 0.071778
0 0.150082 0.061175 0.037520 0.060359
0 0.146819 0.040783 0.040783 0.058728
2 0.203100 0.059543 0.022838 0.066884
2 0.232463 0.054649 0.022838 0.073409
0 0.283850 0.051387 0.037520 0.070147
2 0.267537 0.084013 0.030995 0.086460
0 0.318923 0.122349 0.048940 0.078303